%YAML:1.0
---
R: !!opencv-matrix
   rows: 3
   cols: 3
   dt: d
   data: [ 9.9989807841086353e-01, 4.2422215810188910e-03,
       1.3632180541651861e-02, -4.0690139416717343e-03,
       9.9991096453363304e-01, -1.2708506244332981e-02,
       -1.3684879093551946e-02, 1.2651741440501655e-02,
       9.9982631367788954e-01 ]
T: !!opencv-matrix
   rows: 3
   cols: 1
   dt: d
   data: [ -1.3417003929680085e+01, 7.9066906773621090e-02,
       9.3229761371735187e-01 ]
R1: !!opencv-matrix
   rows: 3
   cols: 3
   dt: d
   data: [ 9.9844815124182340e-01, -2.5232855491811811e-03,
       -5.5632025954679261e-02, 2.1677304808292654e-03,
       9.9997684500460715e-01, -6.4506123115799160e-03,
       5.5647014532203769e-02, 6.3200066985024698e-03,
       9.9843050198247829e-01 ]
R2: !!opencv-matrix
   rows: 3
   cols: 3
   dt: d
   data: [ 9.9757729766145509e-01, -5.8787603854834978e-03,
       -6.9317929619967286e-02, 6.3216969830540808e-03,
       9.9996096872114926e-01, 6.1722914314916782e-03,
       6.9278938630171816e-02, -6.5955447531565242e-03,
       9.9757552468556787e-01 ]
P1: !!opencv-matrix
   rows: 3
   cols: 4
   dt: d
   data: [ 1.0079106670958281e+03, 0., 6.9701843261718750e+02, 0., 0.,
       1.0079106670958281e+03, 4.6710681533813477e+02, 0., 0., 0., 1.,
       0. ]
P2: !!opencv-matrix
   rows: 3
   cols: 4
   dt: d
   data: [ 1.0079106670958281e+03, 0., 6.9701843261718750e+02,
       -1.3555983494103642e+04, 0., 1.0079106670958281e+03,
       4.6710681533813477e+02, 0., 0., 0., 1., 0. ]
Q: !!opencv-matrix
   rows: 4
   cols: 4
   dt: d
   data: [ 1., 0., 0., -6.9701843261718750e+02, 0., 1., 0.,
       -4.6710681533813477e+02, 0., 0., 0., 1.0079106670958281e+03, 0.,
       0., 7.4351718378399642e-02, 0. ]
