%YAML:1.0
---
M1: !!opencv-matrix
   rows: 3
   cols: 3
   dt: d
   data: [ 1.0653945534242209e+03, 0., 6.0716631291778219e+02, 0.,
       1.1399061627439758e+03, 4.8055958740925723e+02, 0., 0., 1. ]
D1: !!opencv-matrix
   rows: 1
   cols: 14
   dt: d
   data: [ 9.3391077438529688e-02, -5.6528701104706847e-01, 0., 0., 0.,
       0., 0., -5.9315695275922187e-01, 0., 0., 0., 0., 0., 0. ]
M2: !!opencv-matrix
   rows: 3
   cols: 3
   dt: d
   data: [ 1.0653945534242209e+03, 0., 5.9259210501060556e+02, 0.,
       1.1399061627439758e+03, 4.4915396626758576e+02, 0., 0., 1. ]
D2: !!opencv-matrix
   rows: 1
   cols: 14
   dt: d
   data: [ 2.6737547343483437e-01, -1.6523986059411377e+00, 0., 0., 0.,
       0., 0., -2.8642949145891321e+00, 0., 0., 0., 0., 0., 0. ]
